1 1 1 1 1 1 1 1 1 1 1 1 1 1 1 1 1 1 1 1 1 1 1 1 1 1 1 1 1 1 1 1 1 1 1 1 1 1 1 1 1 1 1 1 1 1 1 1 1 1
1 0 0 3 0 0 3 0 0 0 0 3 3 3 3 3 0 0 0 3 3 0 0 0 3 0 0 0 0 0 0 0 0 0 0 0 2 4 4 2 0 0 0 0 0 0 0 0 0 1
1 0 0 3 0 0 0 0 0 0 0 3 3 3 3 0 0 0 0 3 3 0 0 0 0 0 0 0 0 0 0 0 0 0 0 2 2 2 2 2 0 0 0 0 0 0 0 0 0 1
1 0 0 0 3 0 0 0 0 0 0 0 3 3 0 0 0 0 0 3 3 0 0 0 0 0 0 0 0 0 0 0 0 0 2 2 2 2 2 0 0 0 0 0 0 0 0 0 0 1
1 0 0 0 0 3 0 0 0 3 0 0 3 3 0 0 0 0 3 3 3 3 0 0 0 0 0 0 0 0 0 0 0 2 2 2 2 2 0 0 0 0 0 3 3 3 3 3 0 1
1 0 0 0 3 3 3 0 0 0 3 0 3 0 0 0 0 3 3 3 3 3 3 0 0 0 0 0 0 0 0 0 2 2 2 2 2 2 0 0 0 0 0 3 0 0 0 3 0 1
1 0 0 3 3 0 0 3 0 0 0 0 3 0 0 0 0 3 3 3 3 3 3 0 0 0 0 0 0 0 0 2 2 2 2 2 2 0 0 0 0 0 0 3 0 0 0 3 0 1
1 0 0 0 0 0 0 0 3 0 0 0 3 0 0 0 0 1 1 1 1 1 1 0 0 0 0 0 0 0 0 2 2 2 2 0 0 0 0 0 0 0 0 3 0 0 0 3 0 1
1 0 0 0 0 0 0 0 0 0 0 0 3 3 0 0 0 1 5 5 5 5 1 0 0 0 0 0 0 0 2 2 2 2 2 0 0 3 3 3 3 3 3 3 0 0 0 3 0 1
1 0 0 0 0 0 0 0 0 0 0 0 3 3 0 0 0 1 5 5 5 5 1 0 0 0 0 2 4 2 2 2 2 2 0 0 0 3 3 3 0 0 0 0 0 0 0 3 0 1
1 0 0 0 3 3 3 3 3 3 0 0 3 3 0 0 0 1 5 5 5 5 1 0 0 0 0 2 2 2 2 2 2 0 0 0 0 0 3 0 0 0 0 0 0 0 0 3 0 1
1 0 0 0 0 0 0 0 3 11 4 12 3 3 0 0 0 1 1 3 1 1 1 0 0 0 0 2 2 2 2 2 2 0 0 0 0 0 3 0 0 0 0 0 3 3 3 3 0 1
1 0 0 0 0 0 0 0 3 7 6 8 3 3 0 0 0 0 0 3 0 0 0 0 0 0 2 2 2 2 2 2 0 0 0 0 0 0 3 0 0 0 0 0 3 0 0 0 0 1
1 0 0 0 0 0 0 3 3 9 13 10 3 3 0 0 0 0 0 3 0 0 0 0 0 0 2 2 2 2 2 0 0 0 0 0 0 3 3 0 0 0 0 3 3 3 0 0 0 1
1 0 0 0 3 0 3 3 0 0 0 0 3 3 3 0 0 0 0 3 0 0 0 0 0 0 0 0 0 0 0 0 0 0 3 3 3 3 0 0 0 0 0 3 3 3 0 0 0 1
1 0 0 0 3 3 3 0 0 0 0 0 0 3 3 0 0 0 0 3 3 3 3 3 3 3 3 3 3 3 3 3 3 3 3 0 0 3 0 0 0 0 0 0 0 0 0 0 0 1
1 0 0 0 0 3 3 3 0 0 0 0 0 3 3 0 0 0 0 3 0 0 0 0 0 0 0 0 0 0 0 0 0 0 0 0 0 3 0 0 0 0 0 0 0 0 0 0 0 1
1 0 0 0 0 0 0 3 3 0 0 0 0 3 3 0 0 0 0 3 0 0 0 0 0 0 2 4 4 4 2 0 0 0 0 0 0 3 0 0 0 0 0 0 0 0 0 0 0 1
1 0 0 0 0 0 0 0 3 3 0 0 0 0 3 3 0 0 0 3 3 3 3 3 3 0 2 2 2 2 2 0 0 0 0 0 0 3 3 3 3 3 3 3 3 3 3 0 0 1
1 0 0 0 0 0 0 0 0 3 0 0 0 0 3 3 3 3 3 3 3 3 3 3 0 2 2 2 2 2 0 0 0 0 0 0 0 0 0 0 0 3 3 3 3 3 3 0 0 1
1 0 0 0 0 0 0 3 3 3 3 0 0 0 0 0 0 3 0 0 3 3 3 3 0 2 2 2 2 2 0 0 0 0 0 0 0 0 0 0 0 0 3 3 3 3 3 0 0 1
1 0 0 0 0 0 0 3 0 0 0 3 0 0 0 0 0 3 0 0 3 3 3 3 0 2 2 2 2 2 0 0 0 0 0 0 0 0 0 0 0 0 3 0 0 0 0 0 0 1
1 0 0 0 0 0 3 3 0 0 0 0 0 0 0 0 0 3 0 0 0 0 0 0 0 2 2 2 2 2 0 0 0 0 0 0 0 0 0 0 0 0 3 0 0 0 0 0 0 1
1 0 0 0 0 0 3 0 0 0 0 0 0 0 0 0 0 3 0 0 0 0 0 0 0 2 2 2 2 2 0 0 0 0 0 0 0 0 0 0 0 3 3 0 0 0 0 0 0 1
1 0 0 0 0 0 3 3 0 0 0 0 0 0 0 0 3 3 0 0 0 0 0 0 0 2 2 2 2 0 0 0 0 0 0 0 0 0 0 0 3 3 0 0 0 0 0 0 0 1
1 0 0 0 0 0 0 3 0 0 0 0 0 0 0 0 3 0 0 0 0 0 0 0 2 2 2 2 2 0 0 0 0 0 3 3 3 3 3 3 3 0 0 0 0 0 0 0 0 1
1 0 0 0 0 0 0 3 3 0 0 0 0 0 0 3 3 0 0 0 0 0 0 0 2 2 2 2 2 0 0 0 0 0 3 0 0 0 0 0 3 0 0 0 0 0 0 0 0 1
1 0 0 0 0 0 0 0 3 0 0 0 0 0 0 3 0 0 0 0 0 0 0 0 2 2 2 2 3 3 3 3 0 0 3 0 0 0 0 0 3 0 0 0 0 0 0 0 0 1
1 0 0 0 0 0 0 0 3 0 0 0 0 0 0 3 0 0 0 0 0 0 0 2 2 2 2 2 3 3 3 3 3 3 3 0 0 0 0 0 3 0 0 0 0 0 0 0 0 1
1 0 0 0 0 0 0 0 3 0 0 0 0 0 3 3 0 0 0 0 0 0 0 2 2 2 2 2 3 3 3 3 0 0 0 0 0 0 0 0 3 0 0 0 0 0 0 0 0 1
1 0 0 0 0 0 0 3 3 0 0 0 0 0 3 0 0 0 0 0 0 0 2 2 2 2 2 2 0 0 0 3 0 0 0 0 3 0 3 3 3 0 0 0 0 0 0 0 0 1
1 0 0 0 0 0 0 3 3 0 0 0 0 0 3 0 0 0 0 0 0 0 2 2 2 2 2 2 0 0 0 3 0 0 0 0 3 0 3 3 3 0 0 0 0 0 0 0 0 1
1 0 0 0 0 0 0 0 3 0 0 0 0 0 3 0 0 0 0 0 0 0 2 2 2 2 2 2 2 0 0 3 3 3 3 3 3 0 3 3 3 0 0 0 0 0 0 0 2 1
1 0 0 0 3 3 3 3 3 0 0 0 0 0 3 0 0 0 0 0 0 0 0 2 2 2 2 2 2 2 0 0 0 0 0 0 0 0 3 3 3 0 0 0 0 0 0 2 2 1
1 0 0 0 3 3 0 0 3 3 0 0 0 0 3 3 0 0 0 0 0 0 0 2 2 2 2 2 2 2 2 0 0 0 0 0 0 0 2 4 2 0 0 0 0 0 2 2 2 1
1 0 0 3 3 0 0 0 0 0 0 0 0 0 0 3 0 0 0 0 0 0 0 0 2 2 2 2 2 2 2 2 0 0 0 0 0 2 2 2 2 2 0 0 0 2 2 2 2 1
1 0 0 3 3 0 0 0 0 0 0 0 0 0 0 3 0 0 0 0 0 0 0 0 0 2 2 2 2 2 2 2 2 4 4 2 2 2 2 2 2 2 2 4 4 2 2 2 2 1
1 0 3 3 3 0 0 0 0 0 0 0 0 0 0 3 3 0 0 0 0 0 0 0 0 0 2 2 2 2 2 2 2 2 2 2 2 2 2 2 2 2 2 2 2 2 2 2 2 1
1 0 0 3 3 0 0 0 0 0 0 0 0 0 0 0 3 3 3 0 0 0 0 0 0 0 0 2 2 2 2 2 2 2 2 2 2 2 2 2 2 2 2 2 2 2 2 2 0 1
1 0 0 3 3 0 0 0 0 0 0 0 0 0 0 0 0 0 3 0 0 0 0 0 0 0 0 0 2 2 2 2 2 2 2 2 2 2 2 2 2 2 2 2 2 2 2 0 0 1
1 0 0 0 3 3 0 0 0 0 0 0 0 0 0 0 0 0 3 0 0 0 0 0 0 0 0 0 0 2 2 2 2 2 2 2 2 2 2 0 0 2 2 2 2 0 0 0 0 1
1 0 0 0 0 3 0 0 0 0 0 0 0 0 0 0 0 0 3 0 0 0 0 0 0 0 0 0 0 0 2 2 2 2 2 2 2 2 0 0 0 0 0 0 0 0 0 0 0 1
1 0 0 0 0 3 0 0 0 0 0 0 0 0 0 0 0 3 3 0 0 0 0 0 0 0 0 0 0 0 0 0 0 0 0 0 0 0 0 0 0 0 0 0 0 0 0 0 0 1
1 2 0 0 0 3 3 0 0 0 0 3 3 3 3 0 3 3 3 3 0 0 0 0 0 0 0 0 0 0 0 0 0 0 0 0 0 0 0 0 0 0 0 0 0 0 0 0 0 1
1 2 2 0 0 0 3 3 3 3 0 3 0 0 3 0 3 0 0 3 3 3 3 0 0 0 0 0 0 0 0 0 0 0 0 0 0 0 0 0 0 0 0 0 0 0 0 0 0 1
1 2 2 2 0 0 0 0 0 3 3 3 0 0 3 3 3 0 0 0 0 0 3 3 3 3 3 0 0 0 0 0 0 0 0 0 0 0 0 0 0 0 0 0 0 0 0 0 0 1
1 2 2 2 2 0 0 0 0 0 0 0 0 0 0 0 0 0 0 0 0 0 0 0 0 0 0 0 0 0 0 0 0 0 0 0 0 0 0 0 0 0 0 0 0 0 0 0 0 1
1 2 2 2 2 2 2 2 2 2 2 0 0 0 0 0 0 0 0 0 0 0 0 0 0 0 0 0 0 0 0 0 0 0 0 0 0 0 0 0 0 0 0 0 0 0 0 0 0 1
1 2 2 2 2 2 2 2 2 2 2 2 0 0 0 0 0 0 0 0 0 0 0 0 0 0 0 0 0 0 0 0 0 0 0 0 0 0 0 0 0 0 0 0 0 0 0 0 0 1
1 1 1 1 1 1 1 1 1 1 1 1 1 1 1 1 1 1 1 1 1 1 1 1 1 1 1 1 1 1 1 1 1 1 1 1 1 1 1 1 1 1 1 1 1 1 1 1 1 1
